___________________________________________________

VGS = 1.5 V 

VDS (V) | ID (mA)
0.2     | 0.00786
0.4     | 0.00878
0.6     | 0.00891
0.8     | 0.00897
1       | 0.00902
1.2     | 0.00906
1.4     | 0.00909
1.6     | 0.00912
1.8     | 0.00914
2       | 91.7
2.2     | 91.9
2.4     | 92.1
2.6     | 92.3
2.8     | 92.5 
3       | 92.7
3.5     | 93.1
4.0     | 93.6
4.5     | 94
5       | 94.3
5.5     | 94.6
6       | 95

0.5     | 0.1232
0.6     | 0.1240
0.7     | 0.1246
0.8     | 0.1251
0.9     | 0.1255
1       | 0.1258
1.2     | 0.1264
1.4     | 0.1268
1.6     | 0.1272    
1.8     | 0.1276
2       | 0.1279
2.2     | 0.1282
2.5     | 0.1287
3       | 0.1293




VGS = 3 V 

VDS (V) | ID (mA)
0.5     | 1.1
0.6     | 1.265
0.7     | 1.39
0.8     | 1.49
0.9     | 1.57
1       | 1.6
1.5     | 1.7
2       | 1.7
2.5     | 1.76
3       | 1.77
3.5     | 1.78
4       | 1.79
4.5     | 1.8
5       | 1.8
5.5     | 1.8
6       | 1.8

VGS = 4.5 V 

VDS (V) | ID (mA)
0.5     | 1.88
0.6     | 2.22
0.7     | 2.53
0.8     | 2.82
0.9     | 3.08
1       | 3.30
1.5     | 4.20
2       | 4.67
2.5     | 4.83
3       | 4.89
3.5     | 4.93
4       | 4.95
4.5     | 4.97
5       | 4.99
5.5     | 5.0
6       | 5.01

___________________________________________________

VDS = 0.05 V 

VGS (V) | ID (mA)
0.2     | 0.0005
0.4     | 0.0005
0.6     | 0.0005
0.8     | 0.0005
1       | 0.0021
1.2     | 0.0075
1.4     | 0.0226
1.6     | 0.0414
1.8     | 0.0612
2       | 0.0724
2.2     | 0.0874
2.4     | 0.1020
2.6     | 0.1166
2.8     | 0.1294
3       | 0.1395
3.2     | 0.1498
3.4     | 0.1583
3.6     | 0.1683

VDS = 0.1 V 

VGS (V) | ID (mA)
0.2     | 0.0005
0.4     | 0.0005
0.6     | 0.0005
0.8     | 0.0005
1       | 0.0017
1.2     | 0.0092
1.4     | 0.0335
1.6     | 0.0788
1.8     | 0.0981
2       | 0.1472
2.2     | 0.1662
2.4     | 0.1960
2.6     | 0.2212
2.8     | 0.2475
3       | 0.2691
3.2     | 0.2912
3.4     | 0.3136
3.6     | 0.3383

VDS = 10 V 

VGS (V) | ID (mA)
0.2     | 0.0005
0.4     | 0.0005
0.6     | 0.0005
0.8     | 0.0005
1       | 0.0032
1.2     | 0.0130
1.4     | 0.0723
1.6     | 0.1718
1.8     | 0.2941
2       | 0.4469
2.2     | 0.6944
2.4     | 0.9865
2.6     | 1.3007
2.8     | 1.5948
3       | 1.8532
3.2     | 2.3473
3.4     | 2.6947
3.6     | 3.1665


